1,1,0,0.0023063651771550596
1,1,1,0.004224771887140597
1,1,2,0.0011460148551374891
1,1,3,0.002763670747088258
1,2,0,0.002016023110063085
1,2,1,0.0007673189180494316
1,2,2,0.00024435907752856477
1,2,3,0.0010173638623914975
1,3,0,0.0006306376090876942
1,3,1,0.0007495717505504656
1,3,2,0.00020667523657434404
1,3,3,0.00022616772710929182
1,4,0,0.0
1,4,1,0.0
1,4,2,0.0
1,4,3,0.0
1,5,0,0.014408870237821322
1,5,1,0.0046219114045381515
1,5,2,0.05646539876560695
1,5,3,0.01374780195348628
1,6,0,5.746008363172438e-05
1,6,1,0.002714276181307026
1,6,2,0.3449086788198581
1,6,3,0.002676429230748534
1,7,0,0.00014347942303365003
1,7,1,0.00052458436284903
1,7,2,0.7169402424130479
1,7,3,0.0014326949884500002
1,8,0,9.70299e-05
1,8,1,0.0
1,8,2,0.9899999999999991
1,8,3,0.0
1,9,0,0.0
1,9,1,0.0
1,9,2,0.9999999999999996
1,9,3,0.0
1,10,0,0.0
1,10,1,0.0
1,10,2,0.0
1,10,3,0.0
2,1,0,0.005255612782580962
2,1,1,0.012433450788280558
2,1,2,0.005955895458920594
2,1,3,0.0023268882894411018
2,2,0,0.0
2,2,1,0.0
2,2,2,0.0
2,2,3,0.0
2,3,0,0.0010424707065123597
2,3,1,0.0013596930477141871
2,3,2,0.0029870924311735437
2,3,3,0.00011008589633371138
2,4,0,0.0006679820233470835
2,4,1,0.001027439183669989
2,4,2,0.008062014523375101
2,4,3,0.0006649113993598124
2,5,0,0.00024860669210376347
2,5,1,0.0034663333139109314
2,5,2,0.018000325663923008
2,5,3,0.0207811495456955
2,6,0,0.0014748206008121131
2,6,1,0.007775713575204087
2,6,2,0.011375509567748647
2,6,3,0.09226448817906854
2,7,0,0.0026336625965594327
2,7,1,9.865321022700003e-05
2,7,2,0.038364787207168856
2,7,3,0.0653194210319188
2,8,0,2.689668828e-05
2,8,1,0.00043479361141029007
2,8,2,0.02036821181635852
2,8,3,0.9800999999999986
2,9,0,0.0
2,9,1,0.0
2,9,2,0.0
2,9,3,0.0
2,10,0,0.0
2,10,1,0.0
2,10,2,0.0
2,10,3,0.68618940391
3,1,0,0.013576863059796742
3,1,1,0.033347461351420055
3,1,2,0.014111791417649145
3,1,3,0.006800266770056351
3,2,0,0.0
3,2,1,0.0
3,2,2,0.0
3,2,3,0.0
3,3,0,0.0
3,3,1,0.0
3,3,2,0.0
3,3,3,0.0
3,4,0,0.0
3,4,1,0.0
3,4,2,0.0
3,4,3,0.0
3,5,0,0.0
3,5,1,0.0
3,5,2,0.0
3,5,3,0.0
3,6,0,0.0
3,6,1,0.0
3,6,2,0.0
3,6,3,0.0
3,7,0,0.0
3,7,1,0.0
3,7,2,0.0
3,7,3,0.0
3,8,0,0.034593863967255174
3,8,1,0.010039354131812683
3,8,2,0.03203233341144071
3,8,3,0.9702989999999982
3,9,0,0.0
3,9,1,0.0
3,9,2,0.0
3,9,3,0.0
3,10,0,0.015553638144000001
3,10,1,0.0
3,10,2,0.00274428
3,10,3,0.299616688602
4,1,0,0.03953503772761062
4,1,1,0.03581952626054994
4,1,2,0.09986656102028305
4,1,3,0.017795182438699115
4,2,0,0.040172322082406474
4,2,1,0.045478498332735436
4,2,2,0.24241865253816258
4,2,3,0.06311457670328408
4,3,0,0.057985089471360045
4,3,1,0.03987706626426494
4,3,2,0.8953382542389795
4,3,3,0.07992158691322174
4,4,0,0.04373159395538107
4,4,1,0.07977368257881351
4,4,2,0.9043820750049101
4,4,3,0.07683504024092207
4,5,0,0.04418348659967178
4,5,1,0.08611194335846939
4,5,2,0.9135172474829455
4,5,3,0.05369604954499419
4,6,0,0.038432551073899014
4,6,1,0.9227446944278077
4,6,2,0.06095560718618677
4,6,3,0.05453743253434405
4,7,0,0.0
4,7,1,0.0
4,7,2,0.0
4,7,3,0.0
4,8,0,0.028258144584545765
4,8,1,0.013421416952748899
4,8,2,0.016460546922042785
4,8,3,0.9605960099999977
4,9,0,0.0
4,9,1,0.0
4,9,2,0.0
4,9,3,0.0
4,10,0,0.0015379239150000003
4,10,1,0.0007303278094879973
4,10,2,0.010837258799493061
4,10,3,0.08777957001808502
5,1,0,0.05960078846394047
5,1,1,0.039501611017198755
5,1,2,0.09922265737461489
5,1,3,0.055946556115838916
5,2,0,0.05335734814379023
5,2,1,0.053863503783363645
5,2,2,0.8775210226122441
5,2,3,0.10672862785123191
5,3,0,0.05620199238927025
5,3,1,0.06415781451730013
5,3,2,0.08213041013306044
5,3,3,0.8863848716249452
5,4,0,0.0
5,4,1,0.0
5,4,2,0.0
5,4,3,0.0
5,5,0,0.0
5,5,1,0.0
5,5,2,0.0
5,5,3,0.0
5,6,0,0.05812440954549813
5,6,1,0.06465794200964643
5,6,2,0.9320653479069725
5,6,3,0.04946628917240814
5,7,0,0.017983257735229425
5,7,1,0.07828822702264321
5,7,2,0.9414801494009958
5,7,3,0.02572332670613445
5,8,0,0.01331888250631521
5,8,1,0.007518980179352534
5,8,2,0.036534659906622434
5,8,3,0.9509900498999972
5,9,0,0.0
5,9,1,0.0
5,9,2,0.0
5,9,3,0.0
5,10,0,0.007119309259471923
5,10,1,0.0010220285687420202
5,10,2,0.0035126709450716354
5,10,3,0.019853637384437
6,1,0,0.0591884409056901
6,1,1,0.03617256134730288
6,1,2,0.2167680294358491
6,1,3,0.06056592660792827
6,2,0,0.03579421733495541
6,2,1,0.03976534096982305
6,2,2,0.10359825085835016
6,2,3,0.8687458112540212
6,3,0,0.0
6,3,1,0.0
6,3,2,0.0
6,3,3,0.0
6,4,0,0.0
6,4,1,0.0
6,4,2,0.0
6,4,3,0.0
6,5,0,0.0
6,5,1,0.0
6,5,2,0.0
6,5,3,0.0
6,6,0,0.0
6,6,1,0.0
6,6,2,0.0
6,6,3,0.0
6,7,0,0.0
6,7,1,0.0
6,7,2,0.0
6,7,3,0.0
6,8,0,0.0134968214155957
6,8,1,0.002147462549637361
6,8,2,0.0015756125705163244
6,8,3,0.0992747015630906
6,9,0,0.018846607118117698
6,9,1,0.0009846533631278863
6,9,2,0.002458895990292632
6,9,3,0.0024270531763656033
6,10,0,0.00425026970158537
6,10,1,0.0011778499560949308
6,10,2,0.0016372252868256732
6,10,3,0.005577329165978828
7,1,0,0.07784645192286936
7,1,1,0.06633641712287643
7,1,2,0.8514577523870601
7,1,3,0.10948438538674439
7,2,0,0.061861649019550484
7,2,1,0.051761523063876415
7,2,2,0.03677895675635013
7,2,3,0.8600583491299659
7,3,0,0.05761784617406296
7,3,1,0.02607286364407286
7,3,2,0.029763507154024028
7,3,3,0.0335862811650086
7,4,0,0.03932353572998553
7,4,1,0.0205232818628572
7,4,2,0.022598860504375935
7,4,3,0.027740742790806048
7,5,0,0.03036369665212625
7,5,1,0.01188008156269388
7,5,2,0.013017104021946991
7,5,3,0.02177039860243098
7,6,0,0.018038701199467932
7,6,1,0.009525821746525751
7,6,2,0.013485671172888044
7,6,3,0.013282795530850662
7,7,0,0.0
7,7,1,0.0
7,7,2,0.0
7,7,3,0.0
7,8,0,0.000669369426097983
7,8,1,0.0012842990858679885
7,8,2,0.0004498226852286569
7,8,3,0.012177569081400393
7,9,0,0.002614791741476012
7,9,1,0.0008726924858384153
7,9,2,0.0007189305477707988
7,9,3,0.004068309074307997
7,10,0,0.0014070425299695002
7,10,1,0.0005965750312076899
7,10,2,0.0014892153565805408
7,10,3,0.0029574476173188807
8,1,0,0.09496620490141039
8,1,1,0.05872760457025752
8,1,2,0.0952731578701176
8,1,3,0.8429431338832198
8,2,0,0.0
8,2,1,0.0
8,2,2,0.0
8,2,3,0.0
8,3,0,0.028273049971720015
8,3,1,0.022702001531475828
8,3,2,0.01943301547210398
8,3,3,0.03270655988692055
8,4,0,0.025691504738988534
8,4,1,0.016630225725723157
8,4,2,0.015003036626448137
8,4,3,0.024660177684100473
8,5,0,0.019381248546108572
8,5,1,0.014072738996850331
8,5,2,0.009465006915750007
8,5,3,0.018306528712951714
8,6,0,0.01328974916861927
8,6,1,0.00318495305432495
8,6,2,0.009968535066711404
8,6,3,0.01339144992112112
8,7,0,0.0
8,7,1,0.0
8,7,2,0.0
8,7,3,0.0
8,8,0,0.0
8,8,1,0.0
8,8,2,0.0
8,8,3,0.0
8,9,0,0.0
8,9,1,0.0
8,9,2,0.0
8,9,3,0.0
8,10,0,0.0007229189683400733
8,10,1,0.00031151988149799424
8,10,2,0.0005793667119005408
8,10,3,0.0017584454509554325
9,1,0,0.12326894088753072
9,1,1,0.11882245882218474
9,1,2,0.13879757043962876
9,1,3,0.8345135834680861
9,2,0,0.0
9,2,1,0.0
9,2,2,0.0
9,2,3,0.0
9,3,0,0.02124462159963103
9,3,1,0.016886754251375286
9,3,2,0.021392021459095644
9,3,3,0.02795405797893934
9,4,0,0.0
9,4,1,0.0
9,4,2,0.0
9,4,3,0.0
9,5,0,0.0
9,5,1,0.0
9,5,2,0.0
9,5,3,0.0
9,6,0,0.0025552636150983337
9,6,1,0.002743659384100872
9,6,2,0.0013588505423394318
9,6,3,0.007602655134116086
9,7,0,0.002781553591261844
9,7,1,0.0010212092229290792
9,7,2,0.0007860163395288982
9,7,3,0.0013968629878080246
9,8,0,0.0015303468460953098
9,8,1,0.00045780490706632415
9,8,2,0.000394017741661858
9,8,3,0.0004110598775650973
9,9,0,0.00032240282870387024
9,9,1,0.00031428867559322966
9,9,2,0.0005074151329902029
9,9,3,0.0003098088120428671
9,10,0,0.0002305520111807939
9,10,1,0.00029967221357800957
9,10,2,0.00044312135408986863
9,10,3,0.0008533097659913133
10,1,0,0.1429223028150833
10,1,1,0.1671146230094514
10,1,2,0.20146454418274953
10,1,3,0.8261681214441242
10,2,0,0.0
10,2,1,0.0
10,2,2,0.0
10,2,3,0.0
10,3,0,0.01656708775959898
10,3,1,0.016190840667546606
10,3,2,0.010109063595338724
10,3,3,0.021939203417762218
10,4,0,0.013622561178033388
10,4,1,0.012491053252989506
10,4,2,0.0075985178634051815
10,4,3,0.010262403676307222
10,5,0,0.010638791447267941
10,5,1,0.006313511363292522
10,5,2,0.0035077995547004746
10,5,3,0.005360794269803599
10,6,0,0.005723465083628022
10,6,1,0.0027707451332284992
10,6,2,0.002669141752220928
10,6,3,0.0038472567488503154
10,7,0,0.0
10,7,1,0.0
10,7,2,0.0
10,7,3,0.0
10,8,0,0.0
10,8,1,0.0
10,8,2,0.0
10,8,3,0.0
10,9,0,0.0
10,9,1,0.0
10,9,2,0.0
10,9,3,0.0
10,10,0,0.00029911944048091913
10,10,1,0.000369023588484697
10,10,2,0.0003453496863875182
10,10,3,0.0005156920773995593
